0.0 0.0 0.18755077023365946
0.0 0.03333333333333333 0.1892413091479204
0.0 0.06666666666666667 0.19257579251202675
0.0 0.1 0.197590297094933
0.0 0.13333333333333333 0.20434511559804291
0.0 0.16666666666666666 0.21292189089905156
0.0 0.2 0.22341959141807083
0.0 0.23333333333333334 0.2359489200190665
0.0 0.26666666666666666 0.2506247247428044
0.0 0.3 0.2675560415846491
0.0 0.3333333333333333 0.2868335889938419
0.0 0.36666666666666664 0.3085148900050005
0.0 0.4 0.3326077378550683
0.0 0.43333333333333335 0.35905341065072244
0.0 0.4666666666666667 0.38771176627945664
0.0 0.5 0.41835090485447507
0.0 0.5333333333333333 0.4506442050093157
0.0 0.5666666666666667 0.4841769792288865
0.0 0.6 0.5184636633478857
0.0 0.6333333333333333 0.5529745379858455
0.0 0.6666666666666666 0.5871689457833154
0.0 0.7 0.6205304437316835
0.0 0.7333333333333333 0.6525988416232004
0.0 0.7666666666666667 0.6829948074730658
0.0 0.8 0.7114344139812283
0.0 0.8333333333333334 0.7377330879684365
0.0 0.8666666666666667 0.7618002843709987
0.0 0.9 0.783627405779153
0.0 0.9333333333333333 0.8032718977899848
0.0 0.9666666666666667 0.820840201297687
0.03333333333333333 0.0 0.18424904701056521
0.03333333333333333 0.03333333333333333 0.18411008088830919
0.03333333333333333 0.06666666666666667 0.18557036612402164
0.03333333333333333 0.1 0.1886366605883736
0.03333333333333333 0.13333333333333333 0.19334201111651766
0.03333333333333333 0.16666666666666666 0.19974392913636355
0.03333333333333333 0.2 0.2079218386678182
0.03333333333333333 0.23333333333333334 0.21797348213735765
0.03333333333333333 0.26666666666666666 0.23000988506570658
0.03333333333333333 0.3 0.24414844013185005
0.03333333333333333 0.3333333333333333 0.260503704896998
0.03333333333333333 0.36666666666666664 0.279175655961235
0.03333333333333333 0.4 0.3002354476824663
0.03333333333333333 0.43333333333333335 0.3237092126075794
0.03333333333333333 0.4666666666666667 0.3495610981885193
0.03333333333333333 0.5 0.3776774722458955
0.03333333333333333 0.5333333333333333 0.4078548678954277
0.03333333333333333 0.5666666666666667 0.43979451984379053
0.03333333333333333 0.6 0.4731060031143342
0.03333333333333333 0.6333333333333333 0.5073213718871049
0.03333333333333333 0.6666666666666666 0.54191940395607
0.03333333333333333 0.7 0.5763574799720169
0.03333333333333333 0.7333333333333333 0.6101068737491517
0.03333333333333333 0.7666666666666667 0.6426863906909844
0.03333333333333333 0.8 0.6736896710276743
0.03333333333333333 0.8333333333333334 0.7028029428018159
0.03333333333333333 0.8666666666666667 0.7298120627179339
0.03333333333333333 0.9 0.7545996799920704
0.03333333333333333 0.9333333333333333 0.7771347882707184
0.03333333333333333 0.9666666666666667 0.7974575715149339
0.06666666666666667 0.0 0.183026202580256
0.06666666666666667 0.03333333333333333 0.18111085638168495
0.06666666666666667 0.06666666666666667 0.18078457957239008
0.06666666666666667 0.1 0.18202360988861147
0.06666666666666667 0.13333333333333333 0.18483164103452562
0.06666666666666667 0.16666666666666666 0.18923863301185748
0.06666666666666667 0.2 0.1952991768840618
0.06666666666666667 0.23333333333333334 0.20309022689413742
0.06666666666666667 0.26666666666666666 0.2127079029652707
0.06666666666666667 0.3 0.22426297671885523
0.06666666666666667 0.3333333333333333 0.2378746000783425
0.06666666666666667 0.36666666666666664 0.2536618447668062
0.06666666666666667 0.4 0.2717327320336246
0.06666666666666667 0.43333333333333335 0.29217068831865683
0.06666666666666667 0.4666666666666667 0.3150187986060399
0.06666666666666667 0.5 0.34026284577173227
0.06666666666666667 0.5333333333333333 0.36781485781013407
0.06666666666666667 0.5666666666666667 0.39749958238547767
0.06666666666666667 0.6 0.42904672899948326
0.06666666666666667 0.6333333333333333 0.46209168739818274
0.06666666666666667 0.6666666666666666 0.4961865457078351
0.06666666666666667 0.7 0.5308216031006748
0.06666666666666667 0.7333333333333333 0.5654555087778352
0.06666666666666667 0.7666666666666667 0.5995502292439552
0.06666666666666667 0.8 0.6326058787170391
0.06666666666666667 0.8333333333333334 0.6641904596969994
0.06666666666666667 0.8666666666666667 0.693960754346834
0.06666666666666667 0.9 0.72167256684774
0.06666666666666667 0.9333333333333333 0.7471806072424233
0.06666666666666667 0.9666666666666667 0.7704299516023418
0.1 0.0 0.18381923325702096
0.1 0.03333333333333333 0.18014091297632115
0.1 0.06666666666666667 0.17807622466091302
0.1 0.1 0.17757047114724767
0.1 0.13333333333333333 0.17859701074749013
0.1 0.16666666666666666 0.18115648845244495
0.1 0.2 0.1852757413861434
0.1 0.23333333333333334 0.19100633010833304
0.1 0.26666666666666666 0.19842252654347325
0.1 0.3 0.2076184800624048
0.1 0.3333333333333333 0.21870418964502522
0.1 0.36666666666666664 0.23179984516092533
0.1 0.4 0.24702808898008075
0.1 0.43333333333333335 0.2645038263977394
0.1 0.4666666666666667 0.28432142339030325
0.1 0.5 0.3065395127325827
0.1 0.5333333333333333 0.3311641987990981
0.1 0.5666666666666667 0.35813216639506634
0.1 0.6 0.3872959342370828
0.1 0.6333333333333333 0.4184140303462452
0.1 0.6666666666666666 0.45114892808383855
0.1 0.7 0.4850749284617623
0.1 0.7333333333333333 0.5196967399417082
0.1 0.7666666666666667 0.5544775100238388
0.1 0.8 0.5888730120673114
0.1 0.8333333333333334 0.6223672296505665
0.1 0.8666666666666667 0.6545042203928828
0.1 0.9 0.6849120179555191
0.1 0.9333333333333333 0.7133161373650931
0.1 0.9666666666666667 0.7395423815942651
0.13333333333333333 0.0 0.18661000008178097
0.13333333333333333 0.03333333333333333 0.18114326823884924
0.13333333333333333 0.06666666666666667 0.17734899293305953
0.13333333333333333 0.1 0.17514168254476462
0.13333333333333333 0.13333333333333333 0.1744640450478719
0.13333333333333333 0.16666666666666666 0.17528661710558677
0.13333333333333333 0.2 0.1776070230057396
0.13333333333333333 0.23333333333333334 0.18144895963155072
0.13333333333333333 0.26666666666666666 0.18686087326028597
0.13333333333333333 0.3 0.1939141764557237
0.13333333333333333 0.3333333333333333 0.202700745585139
0.13333333333333333 0.36666666666666664 0.21332934375789772
0.13333333333333333 0.4 0.22592054069806694
0.13333333333333333 0.43333333333333335 0.24059967147397043
0.13333333333333333 0.4666666666666667 0.25748742330106233
0.13333333333333333 0.5 0.2766878065264143
0.13333333333333333 0.5333333333333333 0.2982735956039447
0.13333333333333333 0.5666666666666667 0.3222698435465104
0.13333333333333333 0.6 0.3486367579636576
0.13333333333333333 0.6333333333333333 0.3772539799514942
0.13333333333333333 0.6666666666666666 0.40790893528683697
0.13333333333333333 0.7 0.44029216208790517
0.13333333333333333 0.7333333333333333 0.4740020946364106
0.13333333333333333 0.7666666666666667 0.5085605655632938
0.13333333333333333 0.8 0.5434384057321396
0.13333333333333333 0.8333333333333334 0.5780884072684283
0.13333333333333333 0.8666666666666667 0.6119812033450351
0.13333333333333333 0.9 0.6446388928115016
0.13333333333333333 0.9333333333333333 0.6756617649426635
0.13333333333333333 0.9666666666666667 0.704745075507266
0.16666666666666666 0.0 0.19142302891242763
0.16666666666666666 0.03333333333333333 0.18410520687580453
0.16666666666666666 0.06666666666666667 0.1785518181657719
0.16666666666666666 0.1 0.17464729365711937
0.16666666666666666 0.13333333333333333 0.17230384938660728
0.16666666666666666 0.16666666666666666 0.17146167853799452
0.16666666666666666 0.2 0.17208856054704225
0.16666666666666666 0.23333333333333334 0.174179137956426
0.16666666666666666 0.26666666666666666 0.17775396667637644
0.16666666666666666 0.3 0.18285831879173553
0.16666666666666666 0.3333333333333333 0.1895606031189548
0.16666666666666666 0.36666666666666664 0.19795016321221956
0.16666666666666666 0.4 0.20813411599065645
0.16666666666666666 0.43333333333333335 0.22023281465303357
0.16666666666666666 0.4666666666666667 0.23437347527294536
0.16666666666666666 0.5 0.2506815275281007
0.16666666666666666 0.5333333333333333 0.26926937734890555
0.16666666666666666 0.5666666666666667 0.290222547918648
0.16666666666666666 0.6 0.3135836289967448
0.16666666666666666 0.6333333333333333 0.3393351093126988
0.16666666666666666 0.6666666666666666 0.3673829201201189
0.16666666666666666 0.7 0.3975432139164213
0.16666666666666666 0.7333333333333333 0.4295352876525716
0.16666666666666666 0.7666666666666667 0.46298335413835917
0.16666666666666666 0.8 0.49742887912443307
0.16666666666666666 0.8333333333333334 0.5323534742993931
0.16666666666666666 0.8666666666666667 0.5672102173383287
0.16666666666666666 0.9 0.6014593584084743
0.16666666666666666 0.9333333333333333 0.6346033016293324
0.16666666666666666 0.9666666666666667 0.6662159058677674
0.2 0.0 0.19832246160450734
0.2 0.03333333333333333 0.1890560433746385
0.2 0.06666666666666667 0.1816772667923797
0.2 0.1 0.17604203580344038
0.2 0.13333333333333333 0.17203275380067098
0.2 0.16666666666666666 0.16955943456120592
0.2 0.2 0.1685598392376922
0.2 0.23333333333333334 0.16899905999672743
0.2 0.26666666666666666 0.17086880605391955
0.2 0.3 0.17418650632355362
0.2 0.3333333333333333 0.178994220279372
0.2 0.36666666666666664 0.18535723847945068
0.2 0.4 0.19336215149956895
0.2 0.43333333333333335 0.20311406983054706
0.2 0.4666666666666667 0.2147325934838498
0.2 0.5 0.22834607392581507
0.2 0.5333333333333333 0.24408370942185026
0.2 0.5666666666666667 0.26206510645021724
0.2 0.6 0.2823871700185431
0.2 0.6333333333333333 0.3051085942020313
0.2 0.6666666666666666 0.3302328220092029
0.2 0.7 0.35769108187419163
0.2 0.7333333333333333 0.38732784905531703
0.2 0.7666666666666667 0.4188915918540298
0.2 0.8 0.4520336606345008
0.2 0.8333333333333334 0.4863174288869683
0.2 0.8666666666666667 0.5212382580340652
0.2 0.9 0.5562527887360481
0.2 0.9333333333333333 0.5908140059519821
0.2 0.9666666666666667 0.6244071399837078
0.23333333333333334 0.0 0.20740787717599082
0.23333333333333334 0.03333333333333333 0.19606412314222563
0.23333333333333334 0.06666666666666667 0.18675928582057366
0.23333333333333334 0.1 0.1793236088809986
0.23333333333333334 0.13333333333333333 0.1736111570716864
0.23333333333333334 0.16666666666666666 0.16950239962541638
0.23333333333333334 0.2 0.16690523831687426
0.23333333333333334 0.23333333333333334 0.16575508699580338
0.23333333333333334 0.26666666666666666 0.16601442504752964
0.23333333333333334 0.3 0.1676720848718452
0.23333333333333334 0.3333333333333333 0.17074239528211055
0.23333333333333334 0.36666666666666664 0.17526418396054338
0.23333333333333334 0.4 0.1812995358798501
0.23333333333333334 0.43333333333333335 0.18893210512179076
0.23333333333333334 0.4666666666666667 0.1982646826112778
0.23333333333333334 0.5 0.20941563583379655
0.23333333333333334 0.5333333333333333 0.22251377119938642
0.23333333333333334 0.5666666666666667 0.23769114903529925
0.23333333333333334 0.6 0.25507344091644596
0.23333333333333334 0.6333333333333333 0.2747676039381985
0.23333333333333334 0.6666666666666666 0.2968470004218602
0.23333333333333334 0.7 0.3213346373457906
0.23333333333333334 0.7333333333333333 0.3481859099878377
0.23333333333333334 0.7666666666666667 0.37727299935057046
0.23333333333333334 0.8 0.4083736859460973
0.23333333333333334 0.8333333333333334 0.44116752482757376
0.23333333333333334 0.8666666666666667 0.4752418141158304
0.23333333333333334 0.9 0.5101084672678745
0.23333333333333334 0.9333333333333333 0.5452309314872066
0.23333333333333334 0.9666666666666667 0.5800581544702328
0.26666666666666666 0.0 0.21880842218311106
0.26666666666666666 0.03333333333333333 0.20523274957316207
0.26666666666666666 0.06666666666666667 0.19387026698062101
0.26666666666666666 0.1 0.18453043460271634
0.26666666666666666 0.13333333333333333 0.1770417394412241
0.26666666666666666 0.16666666666666666 0.17125650049206156
0.26666666666666666 0.2 0.1670533448124061
0.26666666666666666 0.23333333333333334 0.16433815217184322
0.26666666666666666 0.26666666666666666 0.16304407517495018
0.26666666666666666 0.3 0.1631310585333629
0.26666666666666666 0.3333333333333333 0.1645851211846476
0.26666666666666666 0.36666666666666664 0.16741752999336543
0.26666666666666666 0.4 0.17166387878657288
0.26666666666666666 0.43333333333333335 0.17738298422445403
0.26666666666666666 0.4666666666666667 0.18465541407447097
0.26666666666666666 0.5 0.19358137058555164
0.26666666666666666 0.5333333333333333 0.2042775639976561
0.26666666666666666 0.5666666666666667 0.21687263883672778
0.26666666666666666 0.6 0.23150067905769928
0.26666666666666666 0.6333333333333333 0.2482923498612087
0.26666666666666666 0.6666666666666666 0.2673633772517809
0.26666666666666666 0.7 0.2888003672732524
0.26666666666666666 0.7333333333333333 0.31264445762788035
0.26666666666666666 0.7666666666666667 0.33887396621457366
0.26666666666666666 0.8 0.3673879714746777
0.26666666666666666 0.8333333333333334 0.39799344911079676
0.26666666666666666 0.8666666666666667 0.43039893372668814
0.26666666666666666 0.9 0.4642173891854579
0.26666666666666666 0.9333333333333333 0.4989798823318131
0.26666666666666666 0.9666666666666667 0.5341598327964213
0.3 0.0 0.2326744725616251
0.3 0.03333333333333333 0.21669445652030633
0.3 0.06666666666666667 0.20311708641006165
0.3 0.1 0.19173879484735465
0.3 0.13333333333333333 0.1823672387338468
0.3 0.16666666666666666 0.1748292410814808
0.3 0.2 0.1689754663937132
0.3 0.23333333333333334 0.164682789960826
0.3 0.26666666666666666 0.16185515890727153
0.3 0.3 0.16042355141242925
0.3 0.3333333333333333 0.16034545842326392
0.3 0.36666666666666664 0.16160415447187457
0.3 0.4 0.16420789235094058
0.3 0.43333333333333335 0.16818904509961585
0.3 0.4666666666666667 0.17360312047569074
0.3 0.5 0.1805274809236424
0.3 0.5333333333333333 0.18905951182250663
0.3 0.5666666666666667 0.19931389313395947
0.3 0.6 0.21141855223620198
0.3 0.6333333333333333 0.22550882621854199
0.3 0.6666666666666666 0.24171936949484757
0.3 0.7 0.26017344807218445
0.3 0.7333333333333333 0.280969512141177
0.3 0.7666666666666667 0.30416537306190716
0.3 0.8 0.32976093633091996
0.3 0.8333333333333334 0.35768120129238473
0.3 0.8666666666666667 0.3877619810149021
0.3 0.9 0.41974127683662305
0.3 0.9333333333333333 0.4532591711718092
0.3 0.9666666666666667 0.4878682547352463
0.3333333333333333 0.0 0.24916593421798508
0.3333333333333333 0.03333333333333333 0.23060283522256303
0.3333333333333333 0.06666666666666667 0.21463552209765643
0.3333333333333333 0.1 0.20105898943587897
0.3333333333333333 0.13333333333333333 0.18966767240998664
0.3333333333333333 0.16666666666666666 0.1802675167719639
0.3333333333333333 0.2 0.17268377161413592
0.3333333333333333 0.23333333333333334 0.1667655359100243
0.3333333333333333 0.26666666666666666 0.16238802181535505
0.3333333333333333 0.3 0.15945333220525143
0.3333333333333333 0.3333333333333333 0.1578903579157387
0.3333333333333333 0.36666666666666664 0.1576542191072354
0.3333333333333333 0.4 0.15872551963353415
0.3333333333333333 0.43333333333333335 0.16110955441020233
0.3333333333333333 0.4666666666666667 0.16483550203782782
0.3333333333333333 0.5 0.16995554058851842
0.3333333333333333 0.5333333333333333 0.17654373619803776
0.3333333333333333 0.5666666666666667 0.184694466993382
0.3333333333333333 0.6 0.19452005822401638
0.3333333333333333 0.6333333333333333 0.2061472239512928
0.3333333333333333 0.6666666666666666 0.21971185092771095
0.3333333333333333 0.7 0.23535164731398234
0.3333333333333333 0.7333333333333333 0.2531962506090288
0.3333333333333333 0.7666666666666667 0.27335459212081653
0.3333333333333333 0.8 0.2958996934892576
0.3333333333333333 0.8333333333333334 0.32085164427432633
0.3333333333333333 0.8666666666666667 0.3481602437225363
0.3333333333333333 0.9 0.37768956339855936
0.3333333333333333 0.9333333333333333 0.4092072800360236
0.3333333333333333 0.9666666666666667 0.4423817521256426
0.36666666666666664 0.0 0.2684363515568488
0.36666666666666664 0.03333333333333333 0.24712101134424216
0.36666666666666664 0.06666666666666667 0.2285822467852899
0.36666666666666664 0.1 0.2126299006252984
0.36666666666666664 0.13333333333333333 0.1990566177978682
0.36666666666666664 0.16666666666666666 0.18765492812336904
0.36666666666666664 0.2 0.17822915559429509
0.36666666666666664 0.23333333333333334 0.17060306281109022
0.36666666666666664 0.26666666666666666 0.1646242697955466
0.36666666666666664 0.3 0.1601664122582906
0.36666666666666664 0.3333333333333333 0.15712983597625058
0.36666666666666664 0.36666666666666664 0.15544143134711758
0.36666666666666664 0.4 0.15505403213976987
0.36666666666666664 0.43333333333333335 0.15594564899521257
0.36666666666666664 0.4666666666666667 0.15811868217867844
0.36666666666666664 0.5 0.1615991537712704
0.36666666666666664 0.5333333333333333 0.16643590899055327
0.36666666666666664 0.5666666666666667 0.17269965202633536
0.36666666666666664 0.6 0.18048159812365025
0.36666666666666664 0.6333333333333333 0.1898914388046132
0.36666666666666664 0.6666666666666666 0.20105423495057514
0.36666666666666664 0.7 0.2141057849623759
0.36666666666666664 0.7333333333333333 0.22918598505637416
0.36666666666666664 0.7666666666666667 0.24642974074869736
0.36666666666666664 0.8 0.26595514779874446
0.36666666666666664 0.8333333333333334 0.2878489842036252
0.36666666666666664 0.8666666666666667 0.31215007269640044
0.36666666666666664 0.9 0.3388317708942692
0.36666666666666664 0.9333333333333333 0.3677856307538788
0.36666666666666664 0.9666666666666667 0.39880894774930664
0.4 0.0 0.2906123380026986
0.4 0.03333333333333333 0.2664059265438761
0.4 0.06666666666666667 0.24512348172548828
0.4 0.1 0.2266111523550506
0.4 0.13333333333333333 0.21067592500181082
0.4 0.16666666666666666 0.19710818693434065
0.4 0.2 0.18569865200113167
0.4 0.23333333333333334 0.17625010907850194
0.4 0.26666666666666666 0.16858491904180384
0.4 0.3 0.16254930709003904
0.4 0.3333333333333333 0.1580154170994302
0.4 0.36666666666666664 0.1548819234166807
0.4 0.4 0.15307380234719703
0.4 0.43333333333333335 0.1525416865023078
0.4 0.4666666666666667 0.15326107367680558
0.4 0.5 0.15523153857453187
0.4 0.5333333333333333 0.15847599466778794
0.4 0.5666666666666667 0.16303996671520238
0.4 0.6 0.1689907541258379
0.4 0.6333333333333333 0.1764162854014618
0.4 0.6666666666666666 0.18542338152319335
0.4 0.7 0.19613506361187186
0.4 0.7333333333333333 0.2086864670592902
0.4 0.7666666666666667 0.2232188801243215
0.4 0.8 0.239871441178919
0.4 0.8333333333333334 0.2587701482245609
0.4 0.8666666666666667 0.28001410509836644
0.4 0.9 0.303659389206231
0.4 0.9333333333333333 0.32970157808756867
0.4 0.9666666666666667 0.35805874999222115
0.43333333333333335 0.0 0.3157685821097431
0.43333333333333335 0.03333333333333333 0.2885879167455414
0.43333333333333335 0.06666666666666667 0.26441945199212463
0.43333333333333335 0.1 0.24317194064882872
0.43333333333333335 0.13333333333333333 0.22468804240889056
0.43333333333333335 0.16666666666666666 0.20877197830059196
0.43333333333333335 0.2 0.19521196741445895
0.43333333333333335 0.23333333333333334 0.18379699432490215
0.43333333333333335 0.26666666666666666 0.17432839670740838
0.43333333333333335 0.3 0.16662721581356268
0.43333333333333335 0.3333333333333333 0.16053836365387572
0.43333333333333335 0.36666666666666664 0.15593257469366642
0.43333333333333335 0.4 0.15270693583372819
0.43333333333333335 0.43333333333333335 0.1507845947437657
0.43333333333333335 0.4666666666666667 0.15011406844127875
0.43333333333333335 0.5 0.15066842439381345
0.43333333333333335 0.5333333333333333 0.15244448563539667
0.43333333333333335 0.5666666666666667 0.15546211348419678
0.43333333333333335 0.6 0.15976353829332116
0.43333333333333335 0.6333333333333333 0.16541263225122113
0.43333333333333335 0.6666666666666666 0.17249394214090263
0.43333333333333335 0.7 0.1811112205823545
0.43333333333333335 0.7333333333333333 0.19138511245481915
0.43333333333333335 0.7666666666666667 0.20344957631490637
0.43333333333333335 0.8 0.21744656523541436
0.43333333333333335 0.8333333333333334 0.2335184856408121
0.43333333333333335 0.8666666666666667 0.25179803647594917
0.43333333333333335 0.9 0.272395252413052
0.43333333333333335 0.9333333333333333 0.2953819775515618
0.43333333333333335 0.9666666666666667 0.3207745968586181
0.4666666666666667 0.0 0.34389987643195247
0.4666666666666667 0.03333333333333333 0.31374580962614246
0.4666666666666667 0.06666666666666667 0.28660411441171685
0.4666666666666667 0.1 0.26247566312118753
0.4666666666666667 0.13333333333333333 0.24126502336007816
0.4666666666666667 0.16666666666666666 0.22281145190005766
0.4666666666666667 0.2 0.20691649271744633
0.4666666666666667 0.23333333333333334 0.19336628373524234
0.4666666666666667 0.26666666666666666 0.18194816430351862
0.4666666666666667 0.3 0.17246210211193158
0.4666666666666667 0.3333333333333333 0.1647278982317997
0.4666666666666667 0.36666666666666664 0.15858923059670882
0.4666666666666667 0.4 0.15391550441342425
0.4666666666666667 0.43333333333333335 0.15060230127121393
0.4666666666666667 0.4666666666666667 0.14857102448771867
0.4666666666666667 0.5 0.14776816093391726
0.4666666666666667 0.5333333333333333 0.1481644317552967
0.4666666666666667 0.5666666666666667 0.1497539860549466
0.4666666666666667 0.6 0.15255369667374238
0.4666666666666667 0.6333333333333333 0.15660253750613667
0.4666666666666667 0.6666666666666666 0.16196094921248025
0.4666666666666667 0.7 0.1687100280045817
0.4666666666666667 0.7333333333333333 0.1769502961548977
0.4666666666666667 0.7666666666666667 0.18679973264179764
0.4666666666666667 0.8 0.1983906633348851
0.4666666666666667 0.8333333333333334 0.21186504611161636
0.4666666666666667 0.8666666666666667 0.22736766195131913
0.4666666666666667 0.9 0.2450367752763524
0.4666666666666667 0.9333333333333333 0.264992002382634
0.4666666666666667 0.9666666666666667 0.2873194729763127
0.5 0.0 0.37489318039911834
0.5 0.03333333333333333 0.34187895000147567
0.5 0.06666666666666667 0.3117603500031295
0.5 0.1 0.2846597982852056
0.5 0.13333333333333333 0.2605733300887076
0.5 0.16666666666666666 0.23940140429570467
0.5 0.2 0.22097995933252013
0.5 0.23333333333333334 0.205107948487426
0.5 0.26666666666666666 0.19156951308510323
0.5 0.3 0.1801504286932268
0.5 0.3333333333333333 0.17064937156537177
0.5 0.36666666666666664 0.16288497939646285
0.5 0.4 0.156699772619076
0.5 0.43333333333333335 0.15196190500040194
0.5 0.4666666666666667 0.1485655329670965
0.5 0.5 0.1464303983545391
0.5 0.5333333333333333 0.14550104282974902
0.5 0.5666666666666667 0.14574592611779422
0.5 0.6 0.14715660411953801
0.5 0.6333333333333333 0.14974703089602384
0.5 0.6666666666666666 0.1535529720986014
0.5 0.7 0.15863144857022074
0.5 0.7333333333333333 0.16506006059380282
0.5 0.7666666666666667 0.17293597086181509
0.5 0.8 0.18237424629877624
0.5 0.8333333333333334 0.1935051791091428
0.5 0.8666666666666667 0.2064701370658043
0.5 0.9 0.22141545349734862
0.5 0.9333333333333333 0.2384838921836555
0.5 0.9666666666666667 0.257803356136215
0.5333333333333333 0.0 0.4085043410105028
0.5333333333333333 0.03333333333333333 0.372879126312852
0.5333333333333333 0.06666666666666667 0.33989199109015267
0.5333333333333333 0.1 0.3098111963632829
0.5333333333333333 0.13333333333333333 0.2827538659454285
0.5333333333333333 0.16666666666666666 0.25871125734945905
0.5333333333333333 0.2 0.23757979629029538
0.5333333333333333 0.23333333333333334 0.21919218581193867
0.5333333333333333 0.26666666666666666 0.2033448727781482
0.5333333333333333 0.3 0.18982008408226936
0.5333333333333333 0.3333333333333333 0.17840211038867854
0.5333333333333333 0.36666666666666664 0.16888841244081057
0.5333333333333333 0.4 0.16109653874872676
0.5333333333333333 0.43333333333333335 0.15486792628459178
0.5333333333333333 0.4666666666666667 0.15006955281864018
0.5333333333333333 0.5 0.14659422767026556
0.5333333333333333 0.5333333333333333 0.1443601124461461
0.5333333333333333 0.5666666666666667 0.14330988771153352
0.5333333333333333 0.6 0.14340983704986976
0.5333333333333333 0.6333333333333333 0.14464900611225173
0.5333333333333333 0.6666666666666666 0.14703850481060063
0.5333333333333333 0.7 0.15061094754814625
0.5333333333333333 0.7333333333333333 0.15541996111429943
0.5333333333333333 0.7666666666666667 0.16153962551632836
0.5333333333333333 0.8 0.16906364441380634
0.5333333333333333 0.8333333333333334 0.1781039667252825
0.5333333333333333 0.8666666666666667 0.1887885016185777
0.5333333333333333 0.9 0.2012574943886748
0.5333333333333333 0.9333333333333333 0.21565807895869116
0.5333333333333333 0.9666666666666667 0.23213652392862696
0.5666666666666667 0.0 0.444345163940827
0.5666666666666667 0.03333333333333333 0.40650699919892935
0.5666666666666667 0.06666666666666667 0.37089561752432604
0.5666666666666667 0.1 0.3379381132295601
0.5666666666666667 0.13333333333333333 0.30789736785302135
0.5666666666666667 0.16666666666666666 0.2808852447464215
0.5666666666666667 0.2 0.25688828299321764
0.5666666666666667 0.23333333333333334 0.2357989497646062
0.5666666666666667 0.26666666666666666 0.2174467940787821
0.5666666666666667 0.3 0.20162583856605173
0.5666666666666667 0.3333333333333333 0.18811647549554203
0.5666666666666667 0.36666666666666664 0.17670158699348296
0.5666666666666667 0.4 0.16717749164208567
0.5666666666666667 0.43333333333333335 0.15936072038079366
0.5666666666666667 0.4666666666666667 0.1530916982384903
0.5666666666666667 0.5 0.1482363000286393
0.5666666666666667 0.5333333333333333 0.14468606384152374
0.5666666666666667 0.5666666666666667 0.142357650524633
0.5666666666666667 0.6 0.14119196251555677
0.5666666666666667 0.6333333333333333 0.14115319245744568
0.5666666666666667 0.6666666666666666 0.14222796024670337
0.5666666666666667 0.7 0.14442461023038744
0.5666666666666667 0.7333333333333333 0.14777266997915095
0.5666666666666667 0.7666666666666667 0.15232241022869292
0.5666666666666667 0.8 0.15814438504183106
0.5666666666666667 0.8333333333333334 0.1653287665225432
0.5666666666666667 0.8666666666666667 0.173984216576805
0.5666666666666667 0.9 0.18423596020519703
0.5666666666666667 0.9333333333333333 0.19622264747814855
0.5666666666666667 0.9666666666666667 0.2100915300690937
0.6 0.0 0.4818863146522459
0.6 0.03333333333333333 0.44237873601388605
0.6 0.06666666666666667 0.4045366986498411
0.6 0.1 0.3689418824689411
0.6 0.13333333333333333 0.3360164520788382
0.6 0.16666666666666666 0.30601790923035466
0.6 0.2 0.2790528912768901
0.6 0.23333333333333334 0.25510327806553423
0.6 0.26666666666666666 0.23405765189877295
0.6 0.3 0.21574248752869113
0.6 0.3333333333333333 0.19994946350135537
0.6 0.36666666666666664 0.18645721495401263
0.6 0.4 0.1750472893780665
0.6 0.43333333333333335 0.16551493401761877
0.6 0.4666666666666667 0.15767573132009782
0.6 0.5 0.15136916338654582
0.6 0.5333333333333333 0.14646007270015438
0.6 0.5666666666666667 0.14283879976109418
0.6 0.6 0.1404205822063391
0.6 0.6333333333333333 0.13914462594748023
0.6 0.6666666666666666 0.1389731174158117
0.6 0.7 0.1398903361881537
0.6 0.7333333333333333 0.14190194270578974
0.6 0.7666666666666667 0.14503444830849146
0.6 0.8 0.14933481624161307
0.6 0.8333333333333334 0.15487008545381395
0.6 0.8666666666666667 0.1617268481912754
0.6 0.9 0.17001034411377097
0.6 0.9333333333333333 0.17984285775879078
0.6 0.9666666666666667 0.191361027687988
0.6333333333333333 0.0 0.5204794788059728
0.6333333333333333 0.03333333333333333 0.4799683911634383
0.6333333333333333 0.06666666666666667 0.4404357939798796
0.6333333333333333 0.1 0.40259277634455193
0.6333333333333333 0.13333333333333333 0.36701716820253
0.6333333333333333 0.16666666666666666 0.33412616510658644
0.6333333333333333 0.2 0.3041718904350613
0.6333333333333333 0.23333333333333334 0.2772557908045228
0.6333333333333333 0.26666666666666666 0.2533551458751455
0.6333333333333333 0.3 0.2323547257947925
0.6333333333333333 0.3333333333333333 0.21407800922465198
0.6333333333333333 0.36666666666666664 0.19831440876684706
0.6333333333333333 0.4 0.18484087765160714
0.6333333333333333 0.43333333333333335 0.17343770023170982
0.6333333333333333 0.4666666666666667 0.16389912076530597
0.6333333333333333 0.5 0.15603983979793143
0.6333333333333333 0.5333333333333333 0.14969846304681678
0.6333333333333333 0.5666666666666667 0.14473886887935428
0.6333333333333333 0.6 0.1410502715626244
0.6333333333333333 0.6333333333333333 0.13854656104182045
0.6333333333333333 0.6666666666666666 0.13716532672650208
0.6333333333333333 0.7 0.13686683275009864
0.6333333333333333 0.7333333333333333 0.13763310421477368
0.6333333333333333 0.7666666666666667 0.13946720160542986
0.6333333333333333 0.8 0.14239269570237958
0.6333333333333333 0.8333333333333334 0.14645329985545436
0.6333333333333333 0.8666666666666667 0.1517125632043267
0.6333333333333333 0.9 0.1582534714957996
0.6333333333333333 0.9333333333333333 0.16617773761916718
0.6333333333333333 0.9666666666666667 0.1756044907907949
0.6666666666666666 0.0 0.5593983850605406
0.6666666666666666 0.03333333333333333 0.5186295702412513
0.6666666666666666 0.06666666666666667 0.4780704105530907
0.6666666666666666 0.1 0.4385157756152322
0.6666666666666666 0.13333333333333333 0.4006745847835123
0.6666666666666666 0.16666666666666666 0.36512074016136514
0.6666666666666666 0.2 0.3322664312565932
0.6666666666666666 0.23333333333333334 0.3023584061440889
0.6666666666666666 0.26666666666666666 0.27549295670763485
0.6666666666666666 0.3 0.25164282129138116
0.6666666666666666 0.3333333333333333 0.23068902963195245
0.6666666666666666 0.36666666666666664 0.2124521409050385
0.6666666666666666 0.4 0.1967193779350462
0.6666666666666666 0.43333333333333335 0.18326608505164066
0.6666666666666666 0.4666666666666667 0.1718713526147979
0.6666666666666666 0.5 0.16232848783568485
0.6666666666666666 0.5333333333333333 0.15445137351130614
0.6666666666666666 0.5666666666666667 0.1480778030852045
0.6666666666666666 0.6 0.14307075662425162
0.6666666666666666 0.6333333333333333 0.13931839121148448
0.6666666666666666 0.6666666666666666 0.13673332250462295
0.6666666666666666 0.7 0.13525160168735198
0.6666666666666666 0.7333333333333333 0.1348316534021591
0.6666666666666666 0.7666666666666667 0.13545333406743604
0.6666666666666666 0.8 0.13711718975429704
0.6666666666666666 0.8333333333333334 0.13984393041947446
0.6666666666666666 0.8666666666666667 0.1436740847463176
0.6666666666666666 0.9 0.1486677499744358
0.6666666666666666 0.9333333333333333 0.15490429796662417
0.6666666666666666 0.9666666666666667 0.16248183809224168
0.7 0.0 0.5978936356859955
0.7 0.03333333333333333 0.5576361136045893
0.7 0.06666666666666667 0.5167961624105082
0.7 0.1 0.4761919020693926
0.7 0.13333333333333333 0.4366181315304361
0.7 0.16666666666666666 0.39878149180811123
0.7 0.2 0.3632518819075123
0.7 0.23333333333333334 0.33043645059971544
0.7 0.26666666666666666 0.3005765753147139
0.7 0.3 0.27376342989693303
0.7 0.3333333333333333 0.24996527003459765
0.7 0.36666666666666664 0.22905945581850765
0.7 0.4 0.21086370199112855
0.7 0.43333333333333335 0.19516311582774742
0.7 0.4666666666666667 0.1817315035959287
0.7 0.5 0.17034682851658503
0.7 0.5333333333333333 0.1608015243397023
0.7 0.5666666666666667 0.1529087178857916
0.7 0.6 0.14650545204449297
0.7 0.6333333333333333 0.14145387202069049
0.7 0.6666666666666666 0.13764114444314102
0.7 0.7 0.13497868190929363
0.7 0.7333333333333333 0.13340107376663676
0.7 0.7666666666666667 0.13286498661817284
0.7 0.8 0.13334819353212543
0.7 0.8333333333333334 0.13484881268529536
0.7 0.8666666666666667 0.1373847761100056
0.7 0.9 0.14099349941773753
0.7 0.9333333333333333 0.14573167673933102
0.7 0.9666666666666667 0.1516750756815887
0.7333333333333333 0.0 0.6352524225162811
0.7333333333333333 0.03333333333333333 0.5962368562142446
0.7333333333333333 0.06666666666666667 0.555887101024627
0.7333333333333333 0.1 0.5149788653700799
0.7333333333333333 0.13333333333333333 0.4743324055212262
0.7333333333333333 0.16666666666666666 0.4347423250382654
0.7333333333333333 0.2 0.396912880409496
0.7333333333333333 0.23333333333333334 0.3614098948614112
0.7333333333333333 0.26666666666666666 0.32863544397400335
0.7333333333333333 0.3 0.2988255407177925
0.7333333333333333 0.3333333333333333 0.2720662782299242
0.7333333333333333 0.36666666666666664 0.2483214879623629
0.7333333333333333 0.4 0.22746493014253347
0.7333333333333333 0.43333333333333335 0.2093115485972894
0.7333333333333333 0.4666666666666667 0.1936444073814682
0.7333333333333333 0.5 0.18023584342243867
0.7333333333333333 0.5333333333333333 0.168862757423088
0.7333333333333333 0.5666666666666667 0.1593167709665956
0.7333333333333333 0.6 0.15141031434607904
0.7333333333333333 0.6333333333333333 0.14497973927533578
0.7333333333333333 0.6666666666666666 0.13988641718968617
0.7333333333333333 0.7 0.13601658867557556
0.7333333333333333 0.7333333333333333 0.13328053227681239
0.7333333333333333 0.7666666666666667 0.13161144989726828
0.7333333333333333 0.8 0.13096432998790278
0.7333333333333333 0.8333333333333334 0.13131494679502406
0.7333333333333333 0.8666666666666667 0.1326590775554736
0.7333333333333333 0.9 0.13501196163548268
0.7333333333333333 0.9333333333333333 0.1384079783879808
0.7333333333333333 0.9666666666666667 0.14290047693233146
0.7666666666666667 0.0 0.6708527026543356
0.7666666666666667 0.03333333333333333 0.6337155847358139
0.7666666666666667 0.06666666666666667 0.594590387675777
0.7666666666666667 0.1 0.5541510267673111
0.7666666666666667 0.13333333333333333 0.5131772978512023
0.7666666666666667 0.16666666666666666 0.4724914711793999
0.7666666666666667 0.2 0.43288783201080827
0.7666666666666667 0.23333333333333334 0.3950681485259144
0.7666666666666667 0.26666666666666666 0.35959409802341197
0.7666666666666667 0.3 0.32686265261501196
0.7666666666666667 0.3333333333333333 0.29710446846320826
0.7666666666666667 0.36666666666666664 0.27040059592024085
0.7666666666666667 0.4 0.2467105003538219
0.7666666666666667 0.43333333333333335 0.22590441092456012
0.7666666666666667 0.4666666666666667 0.20779457254663222
0.7666666666666667 0.5 0.19216207652188055
0.7666666666666667 0.5333333333333333 0.1787778570949418
0.7666666666666667 0.5666666666666667 0.16741781489911475
0.7666666666666667 0.6 0.15787281841665682
0.7666666666666667 0.6333333333333333 0.14995465860013296
0.7666666666666667 0.6666666666666666 0.1434990530765524
0.7666666666666667 0.7 0.13836665829557285
0.7666666666666667 0.7333333333333333 0.13444285090802102
0.7666666666666667 0.7666666666666667 0.13163684216352914
0.7666666666666667 0.8 0.12988051883212853
0.7666666666666667 0.8333333333333334 0.129127269363376
0.7666666666666667 0.8666666666666667 0.12935095260651375
0.7666666666666667 0.9 0.13054509177375448
0.7666666666666667 0.9333333333333333 0.13272232046852103
0.7666666666666667 0.9666666666666667 0.13591406278494822
0.8 0.0 0.7042029421458041
0.8 0.03333333333333333 0.6694457187861809
0.8 0.06666666666666667 0.6321864763638605
0.8 0.1 0.5929539675132718
0.8 0.13333333333333333 0.5524275774135675
0.8 0.16666666666666666 0.5113910871835653
0.8 0.2 0.4706686596685687
0.8 0.23333333333333334 0.4310541407265326
0.8 0.26666666666666666 0.3932467088300061
0.8 0.3 0.35780382768586755
0.8 0.3333333333333333 0.32511733777806107
0.8 0.36666666666666664 0.2954125475194445
0.8 0.4 0.26876550294394547
0.8 0.43333333333333335 0.24513136119442272
0.8 0.4666666666666667 0.22437688817429288
0.8 0.5 0.20631170039460295
0.8 0.5333333333333333 0.1907149850499098
0.8 0.5666666666666667 0.17735633834765674
0.8 0.6 0.16601072118787288
0.8 0.6333333333333333 0.1564683058529932
0.8 0.6666666666666666 0.1485402989419767
0.8 0.7 0.14206183885112375
0.8 0.7333333333333333 0.13689292356317934
0.8 0.7666666666666667 0.13291812561677951
0.8 0.8 0.13004565346781152
0.8 0.8333333333333334 0.12820614891576562
0.8 0.8666666666666667 0.1273514766818355
0.8 0.9 0.12745366228677776
0.8 0.9333333333333333 0.1285040613827298
0.8 0.9666666666666667 0.13051278972742986
0.8333333333333334 0.0 0.73496247423097
0.8333333333333334 0.03333333333333333 0.7029307016685931
0.8333333333333334 0.06666666666666667 0.6680442904684908
0.8333333333333334 0.1 0.6306648822267719
0.8333333333333334 0.13333333333333333 0.5913273390541591
0.8333333333333334 0.16666666666666666 0.5507164466166543
0.8333333333333334 0.2 0.5096198692113643
0.8333333333333334 0.23333333333333334 0.4688635418507882
0.8333333333333334 0.26666666666666666 0.4292407517085083
0.8333333333333334 0.3 0.3914479885073304
0.8333333333333334 0.3333333333333333 0.35603843713725336
0.8333333333333334 0.36666666666666664 0.32339878035406705
0.8333333333333334 0.4 0.2937489892290139
0.8333333333333334 0.43333333333333335 0.2671601444446444
0.8333333333333334 0.4666666666666667 0.24358315246293466
0.8333333333333334 0.5 0.22288138275344863
0.8333333333333334 0.5333333333333333 0.20486189246265568
0.8333333333333334 0.5666666666666667 0.18930203154180741
0.8333333333333334 0.6 0.1759701208474544
0.8333333333333334 0.6333333333333333 0.16464023983110948
0.8333333333333334 0.6666666666666666 0.15510191937579068
0.8333333333333334 0.7 0.1471658345774431
0.8333333333333334 0.7333333333333333 0.14066659728336378
0.8333333333333334 0.7666666666666667 0.1354636013111542
0.8333333333333334 0.8 0.1314406726574971
0.8333333333333334 0.8333333333333334 0.12850507922685483
0.8333333333333334 0.8666666666666667 0.12658628582073778
0.8333333333333334 0.9 0.12563470771511254
0.8333333333333334 0.9333333333333333 0.12562061760236148
0.8333333333333334 0.9666666666666667 0.12653328923308696
0.8666666666666667 0.0 0.7629422832457392
0.8666666666666667 0.03333333333333333 0.7338249961340223
0.8666666666666667 0.06666666666666667 0.7016622576742052
0.8666666666666667 0.1 0.6666482406391658
0.8666666666666667 0.13333333333333333 0.6291505920207898
0.8666666666666667 0.16666666666666666 0.5897102514580178
0.8666666666666667 0.2 0.5490173350343978
0.8666666666666667 0.23333333333333334 0.5078632882025935
0.8666666666666667 0.26666666666666666 0.46707569870159127
0.8666666666666667 0.3 0.42744717755483563
0.8666666666666667 0.3333333333333333 0.38967142902734936
0.8666666666666667 0.36666666666666664 0.35429729635966273
0.8666666666666667 0.4 0.32170628048041816
0.8666666666666667 0.43333333333333335 0.2921130268213283
0.8666666666666667 0.4666666666666667 0.2655836901390777
0.8666666666666667 0.5 0.24206498342247593
0.8666666666666667 0.5333333333333333 0.221416945546483
0.8666666666666667 0.5666666666666667 0.2034441418838701
0.8666666666666667 0.6 0.1879221502651937
0.8666666666666667 0.6333333333333333 0.17461807697580828
0.8666666666666667 0.6666666666666666 0.16330517631227748
0.8666666666666667 0.7 0.1537723905220522
0.8666666666666667 0.7333333333333333 0.14582991397655493
0.8666666666666667 0.7666666666666667 0.13931188254195717
0.8666666666666667 0.8 0.13407713800755666
0.8666666666666667 0.8333333333333334 0.13000881518201574
0.8666666666666667 0.8666666666666667 0.12701330141454203
0.8666666666666667 0.9 0.12501895026324347
0.8666666666666667 0.9333333333333333 0.12397479976507468
0.8666666666666667 0.9666666666666667 0.12384944853996806
0.9 0.0 0.7880899471896027
0.9 0.03333333333333333 0.7619353704434845
0.9 0.06666666666666667 0.7326899472160145
0.9 0.1 0.7003974635482763
0.9 0.13333333333333333 0.6652573962750744
0.9 0.16666666666666666 0.627643400265673
0.9 0.2 0.5881024596596054
0.9 0.23333333333333334 0.547329950256156
0.9 0.26666666666666666 0.5061209967522495
0.9 0.3 0.4653047211794111
0.9 0.3333333333333333 0.42567294276225404
0.9 0.36666666666666664 0.3879164859079701
0.9 0.4 0.3525797917209145
0.9 0.43333333333333335 0.3200391571482329
0.9 0.4666666666666667 0.2905039149244216
0.9 0.5 0.26403533372464527
0.9 0.5333333333333333 0.2405759899170646
0.9 0.5666666666666667 0.21998265664076247
0.9 0.6 0.20205747366210966
0.9 0.6333333333333333 0.18657431011275052
0.9 0.6666666666666666 0.1732991166323291
0.9 0.7 0.16200437672482
0.9 0.7333333333333333 0.15247849479329523
0.9 0.7666666666666667 0.14453123325562342
0.9 0.8 0.13799630051281767
0.9 0.8333333333333334 0.13273203635292785
0.9 0.8666666666666667 0.12862093757679344
0.9 0.9 0.12556856874980532
0.9 0.9333333333333333 0.1235022357108613
0.9 0.9666666666666667 0.12236966932253553
0.9333333333333333 0.0 0.810464554672022
0.9333333333333333 0.03333333333333333 0.787206141476098
0.9333333333333333 0.06666666666666667 0.7609298665921039
0.9333333333333333 0.1 0.731557205246177
0.9333333333333333 0.13333333333333333 0.6991361760280209
0.9333333333333333 0.16666666666666666 0.6638715883502243
0.9333333333333333 0.2 0.6261431062551741
0.9333333333333333 0.23333333333333334 0.5865037243079335
0.9333333333333333 0.26666666666666666 0.5456540067250307
0.9333333333333333 0.3 0.5043926556800983
0.9333333333333333 0.3333333333333333 0.46355021008912456
0.9333333333333333 0.36666666666666664 0.42391758354382925
0.9333333333333333 0.4 0.38618262847468393
0.9333333333333333 0.43333333333333335 0.35088532566241804
0.9333333333333333 0.4666666666666667 0.3183967478072305
0.9333333333333333 0.5 0.28892092907680733
0.9333333333333333 0.5333333333333333 0.2625142922901983
0.9333333333333333 0.5666666666666667 0.23911533367502213
0.9333333333333333 0.6 0.21857762451752474
0.9333333333333333 0.6333333333333333 0.20070094374609418
0.9333333333333333 0.6666666666666666 0.1852575135549918
0.9333333333333333 0.7 0.17201218606142096
0.9333333333333333 0.7333333333333333 0.16073672646730022
0.9333333333333333 0.7666666666666667 0.1512190502132638
0.9333333333333333 0.8 0.14326853459161656
0.9333333333333333 0.8333333333333334 0.13671850706507843
0.9333333333333333 0.8666666666666667 0.1314268533952551
0.9333333333333333 0.9 0.1272754834288637
0.9333333333333333 0.9333333333333333 0.12416919452365131
0.9333333333333333 0.9666666666666667 0.12203430609358855
0.9666666666666667 0.0 0.8302075757269898
0.9666666666666667 0.03333333333333333 0.8096941883222625
0.9666666666666667 0.06666666666666667 0.7863230152010727
0.9666666666666667 0.1 0.759925669179271
0.9666666666666667 0.13333333333333333 0.7304266507719913
0.9666666666666667 0.16666666666666666 0.6978782551641157
0.9666666666666667 0.2 0.6624906517917609
0.9666666666666667 0.23333333333333334 0.6246495140046732
0.9666666666666667 0.26666666666666666 0.5849138117017808
0.9666666666666667 0.3 0.543989225655812
0.9666666666666667 0.3333333333333333 0.5026779339236005
0.9666666666666667 0.36666666666666664 0.4618117759404333
0.9666666666666667 0.4 0.42218064764156243
0.9666666666666667 0.43333333333333335 0.3844693396152331
0.9666666666666667 0.4666666666666667 0.3492133163838222
0.9666666666666667 0.5 0.3167784079693087
0.9666666666666667 0.5333333333333333 0.28736336524062195
0.9666666666666667 0.5666666666666667 0.2610198057312448
0.9666666666666667 0.6 0.23768220162039752
0.9666666666666667 0.6333333333333333 0.21720098525478265
0.9666666666666667 0.6666666666666666 0.19937363811953696
0.9666666666666667 0.7 0.18397079561328755
0.9666666666666667 0.7333333333333333 0.1707562667033044
0.9666666666666667 0.7666666666666667 0.15950114896678344
0.9666666666666667 0.8 0.1499929159173188
0.9666666666666667 0.8333333333333334 0.14204060467088933
0.9666666666666667 0.8666666666666667 0.13547720635295105
0.9666666666666667 0.9 0.13016019868050915
0.9666666666666667 0.9333333333333333 0.12597095352438967
0.9666666666666667 0.9666666666666667 0.12281355445184489